100 500 1000
3 82 415
16 20 16
37 32 359
72 39 592
23 86 754
28 97 997
77 78 951
32 70 534
38 96 108
14 32 237
51 59 930
54 92 514
28 10 514
63 24 636
9 19 985
65 43 987
73 6 557
17 74 118
26 34 249
66 55 343
53 4 723
1 78 455
64 95 200
50 40 714
73 26 345
43 6 170
31 34 916
31 95 647
52 74 448
14 75 90
87 97 65
5 20 440
54 21 941
72 68 283
46 69 923
12 36 516
19 74 938
93 29 166
100 34 527
18 93 265
49 95 588
90 79 247
1 68 489
16 76 523
13 25 29
7 46 650
88 96 817
13 64 260
31 27 293
19 84 235
53 6 622
81 49 51
36 64 465
51 45 182
60 32 102
47 21 560
14 99 270
26 48 880
90 94 871
53 69 312
55 2 718
76 64 478
73 69 360
32 91 58
72 82 910
21 4 857
13 38 356
41 12 887
89 87 303
96 93 551
49 83 722
18 80 27
33 80 278
68 57 564
57 15 983
29 100 66
28 8 186
27 50 451
55 35 998
22 81 230
98 37 954
100 26 62
67 33 645
73 30 769
59 3 979
56 22 494
27 17 912
29 18 466
39 53 864
13 6 193
74 45 509
94 47 178
76 7 820
78 95 105
92 17 214
53 52 325
56 28 893
96 46 305
40 44 436
29 24 165
1 76 430
82 47 530
79 86 550
30 1 979
33 79 549
97 26 364
15 62 198
38 51 616
28 62 668
72 77 722
49 45 367
56 16 665
61 68 380
88 22 672
98 46 104
13 56 491
87 28 407
6 100 350
97 83 32
53 81 256
44 9 604
98 31 715
34 9 986
56 62 206
50 57 36
35 81 682
80 36 907
53 1 9
21 83 470
75 54 496
51 87 943
42 53 63
72 87 708
11 12 880
79 56 993
64 9 682
63 70 848
48 34 334
81 80 966
90 75 365
17 49 542
87 29 915
76 88 483
32 28 138
80 58 907
80 24 567
41 51 95
24 39 799
48 47 685
94 36 60
74 25 675
41 40 372
42 23 230
35 10 961
40 75 69
87 11 866
80 13 31
20 8 446
91 71 815
14 20 274
81 93 323
75 92 31
77 47 750
6 46 778
72 79 570
25 29 673
7 45 893
23 35 347
29 19 64
79 12 669
61 68 135
5 43 925
4 12 501
97 88 720
2 22 318
31 62 997
77 21 711
73 21 635
62 45 822
63 43 933
70 59 32
87 16 352
12 51 341
81 39 768
2 8 786
93 58 610
48 14 173
52 45 476
13 14 596
75 39 954
97 49 446
86 7 522
35 3 391
23 10 74
45 100 75
36 24 822
17 39 617
56 27 705
12 53 38
87 45 183
79 61 648
65 32 982
5 96 662
69 7 690
59 85 303
43 14 16
87 25 486
9 20 389
33 61 533
81 61 611
57 37 828
42 7 693
1 61 514
47 56 449
82 55 655
92 42 588
6 36 918
10 9 905
1 58 937
1 17 543
19 91 176
48 76 66
67 74 118
42 53 901
67 68 874
25 23 792
87 84 482
57 56 389
69 36 674
31 61 109
19 7 994
5 68 379
41 64 218
69 89 473
13 46 230
76 4 485
2 49 644
65 83 859
69 34 937
50 42 673
3 93 517
18 1 612
44 49 323
41 81 472
63 10 207
82 66 701
51 47 835
99 24 824
60 67 804
63 6 17
23 68 903
85 39 288
96 97 575
22 47 931
52 20 875
95 34 639
74 86 322
41 88 778
73 54 425
42 21 293
12 96 30
26 92 878
12 63 906
34 69 829
85 15 726
36 93 432
5 30 305
8 82 280
100 15 319
15 18 547
17 36 401
50 20 240
97 90 796
68 41 850
28 93 476
52 86 610
48 25 323
20 62 861
88 79 289
70 47 232
97 32 684
45 1 724
23 34 916
76 21 559
19 4 431
68 2 121
19 100 919
54 32 730
3 70 585
64 40 947
38 69 495
46 86 465
57 5 915
25 97 509
2 70 314
63 19 464
23 91 184
6 90 741
83 90 587
2 42 127
74 75 730
25 97 200
23 43 851
15 26 525
29 20 524
37 70 260
95 42 975
76 45 890
20 58 748
44 4 73
61 10 364
38 63 393
96 93 834
39 76 270
44 36 780
25 71 927
51 84 718
47 73 258
90 55 219
94 16 543
49 6 862
5 68 714
65 58 338
91 92 652
79 78 471
91 47 962
91 77 608
10 5 426
41 18 636
20 57 35
9 57 801
86 70 437
45 4 826
67 51 563
46 13 336
18 42 193
7 25 558
72 50 407
56 52 535
82 100 210
68 59 569
24 65 990
81 44 448
97 80 967
46 55 751
80 51 169
17 51 78
20 84 84
36 74 216
41 77 29
18 99 168
88 61 272
54 51 13
76 24 91
64 50 729
90 49 744
47 69 710
73 68 611
49 33 528
46 94 576
9 49 651
40 99 327
25 29 972
92 40 169
7 8 65
64 35 710
98 97 675
31 14 622
50 20 16
67 72 652
99 66 212
6 100 962
57 86 332
45 92 955
1 52 901
64 70 410
100 53 163
63 85 21
12 36 741
31 24 664
46 2 57
83 88 79
21 75 6
21 98 485
98 54 777
4 84 105
58 26 685
25 18 922
13 77 10
17 78 100
69 53 473
69 45 658
55 78 426
81 92 582
81 36 499
15 25 998
100 33 334
53 34 178
72 75 931
56 52 369
50 10 496
34 97 21
64 98 241
25 7 457
86 47 857
5 4 927
46 97 453
83 70 934
23 74 35
85 64 619
36 8 444
19 17 107
24 40 675
100 13 684
35 82 683
25 13 434
95 92 905
2 33 998
38 34 361
20 8 485
62 48 649
18 52 499
1 54 536
98 91 463
83 37 101
61 86 875
93 57 403
72 68 99
20 50 545
10 18 502
11 19 727
61 33 52
58 38 421
96 27 903
15 60 90
55 7 109
23 42 409
52 66 960
75 73 680
44 7 116
97 96 274
85 50 504
97 40 583
97 80 196
32 67 594
22 41 240
33 11 350
96 50 795
98 82 135
39 36 662
20 80 290
33 78 989
14 3 9
52 77 359
59 71 30
98 26 291
37 27 858
70 36 911
53 93 390
29 59 640
94 56 285
33 9 64
45 79 127
35 96 247
31 79 716
52 1 479
8 78 366
51 19 520
25 51 309
40 70 854
20 39 674
27 37 469
10 67 40
31 13 64
99 94 454
95 56 628
82 25 141
55 33 525
15 66 785
82 7 864
97 43 360
37 76 486
73 78 889
23 5 546
81 24 305
27 50 482
43 5 521
66 42 715
56 60 219
36 32 329
13 98 416
45 21 429
33 81 625
58 26 964
86 80 962
90 57 39
94 1 56
37 76 96
56 53 231
5 66 966
319 394
128 553
478 954
28 251
174 711
180 930
279 33
119 913
333 689
215 825
65 818
122 748
175 498
418 694
122 610
261 440
367 548
138 606
401 242
84 806
158 332
364 851
26 157
483 31
464 988
309 629
492 502
270 772
151 632
238 114
52 959
221 795
201 327
84 24
254 799
358 250
254 18
132 290
9 564
267 280
144 478
268 321
317 719
167 716
69 736
423 885
130 63
199 978
85 425
347 745
195 293
227 794
210 514
292 542
256 98
246 104
255 167
427 765
329 21
368 295
325 756
349 442
302 623
240 629
314 25
367 519
376 19
305 469
359 827
253 890
357 250
108 953
141 203
377 767
133 52
173 872
196 705
305 280
72 207
156 559
491 91
13 268
491 721
219 231
317 891
275 134
90 85
236 39
312 413
55 869
412 770
483 410
164 378
85 927
56 405
25 788
307 718
335 589
465 722
484 813
47 165
99 341
426 601
141 120
458 373
208 314
490 519
375 645
446 847
131 61
432 41
172 445
262 145
227 962
287 613
413 271
412 306
496 681
471 167
494 218
205 466
498 864
379 511
495 997
417 317
432 615
432 663
184 491
217 669
242 97
16 668
262 120
383 713
462 827
239 637
345 573
289 868
90 262
195 610
414 916
232 949
8 951
366 448
181 52
314 700
268 38
296 951
172 840
335 742
340 687
71 19
192 838
100 670
87 629
398 270
315 733
26 825
27 894
133 512
375 288
57 542
443 401
273 795
382 775
327 744
219 812
225 500
475 741
470 526
228 503
224 607
348 737
154 779
52 770
397 380
481 511
371 100
108 78
456 580
270 256
403 237
35 599
352 575
397 618
17 740
444 438
430 616
204 125
264 564
287 778
305 841
154 978
5 274
411 702
227 385
20 493
62 72
122 140
421 406
317 128
452 810
188 546
28 453
239 1
476 865
412 388
192 148
419 641
469 581
250 420
48 177
155 88
192 601
9 165
16 568
89 345
354 739
105 401
461 750
447 563
412 35
17 430
162 415
361 128
182 582
250 249
483 129
9 962
250 607
413 405
463 125
172 195
417 580
436 577
294 872
181 803
189 812
330 277
480 267
284 393
170 560
63 738
102 745
9 261
94 122
208 777
357 434
343 573
403 647
235 695
205 722
153 657
336 786
450 748
216 30
100 611
262 78
235 896
202 299
155 133
282 31
400 270
400 706
107 348
110 639
241 677
477 631
56 202
299 701
84 147
378 191
124 409
207 568
165 251
71 56
87 553
258 578
393 364
384 257
435 165
68 684
97 819
488 958
226 815
5 453
426 430
58 864
265 475
474 885
200 134
55 854
81 244
394 109
324 180
56 39
395 26
462 693
420 269
327 319
467 643
438 414
256 638
479 864
113 763
335 381
441 144
324 637
57 589
466 408
290 528
318 229
351 865
189 863
278 981
119 172
382 510
49 701
94 126
212 264
259 34
499 596
163 83
130 483
415 238
53 321
484 361
286 345
396 428
302 307
377 697
395 862
398 970
252 69
158 216
149 732
319 913
137 29
246 659
477 551
81 454
372 26
59 352
116 812
198 863
385 849
40 975
412 322
428 692
450 673
356 876
332 838
58 781
423 834
146 123
465 615
252 365
362 637
389 754
427 672
35 934
1 306
66 312
374 50
481 130
118 303
30 24
97 359
204 754
253 245
296 819
274 521
339 557
39 948
157 291
399 908
208 667
278 909
209 422
112 317
129 326
500 983
488 350
481 474
4 955
364 982
20 599
97 170
400 617
91 892
252 806
137 544
450 415
447 831
129 302
271 417
211 260
445 311
392 254
269 225
44 179
112 292
10 685
486 409
416 847
456 292
494 219
97 215
173 113
358 294
389 207
239 403
65 403
109 110
369 882
432 442
140 349
459 554
65 854
9 533
95 840
476 33
156 628
254 969
465 754
484 535
2 839
154 114
174 683
381 186
457 341
236 916
89 863
159 845
189 703
207 254
355 902
436 506
485 928
330 652
72 240
184 939
158 971
193 144
407 467
69 642
497 376
174 647
328 445
429 194
124 896
465 939
440 105
75 584
437 992
261 251
204 878
256 679
93 707
94 249
476 762
388 699
53 821
341 166
251 271
348 499
370 293
183 360
332 865
319 576
242 911
23 737
211 824
439 246
453 702
459 602
195 986
152 699
329 805
57 791
248 672
246 894
330 393
329 744
271 294
462 947
369 441
401 292
80 624
238 286
320 577
449 243
314 304
480 487
394 881
416 516
288 422
388 338
390 105
107 964
251 568
493 584
151 15
127 263
99 582
292 665
342 338
142 614
451 594
86 101
221 422
277 299
75 450
111 546
353 836
229 588
370 721
143 5
27 266
119 807
487 392
244 235
421 958
422 947
427 181
309 355
293 868
74 403
456 90
416 894
257 295
261 777
460 434
487 351
271 565
273 300
256 599
247 547
74 617
29 60
142 995
240 470
391 465
397 60
264 643
35 386
152 715
251 558
362 871
406 98
112 175
34 135
451 448
145 675
340 428
90 801
337 863
346 930
278 808
398 238
6 421
316 964
362 821
150 288
124 84
301 48
28 134
131 594
382 443
31 257
299 576
226 983
300 651
10 332
217 807
58 101
101 957
358 380
438 483
59 357
238 267
244 284
121 962
111 952
454 608
102 544
272 977
494 929
12 852
223 261
309 345
163 964
150 956
444 188
330 931
462 361
496 349
75 591
478 403
490 958
412 489
194 49
75 790
129 701
84 793
436 230
353 213
344 748
66 57
490 669
179 380
293 691
110 947
50 406
123 353
69 878
257 376
128 140
495 463
479 772
293 856
81 179
273 280
296 109
455 831
249 780
285 522
56 928
391 231
118 11
243 608
202 172
320 547
5 418
427 136
309 522
265 550
238 306
299 384
294 535
69 834
155 696
382 45
356 291
104 933
365 454
369 925
148 919
246 877
385 509
387 27
184 733
123 856
421 307
451 138
363 588
216 112
374 320
195 860
426 14
407 326
462 784
99 563
373 111
227 120
343 822
387 70
309 537
221 622
415 12
78 611
417 948
310 2
463 317
219 93
387 811
115 929
431 259
212 161
54 381
1 259
213 343
483 860
275 284
161 635
340 53
157 872
220 315
334 293
240 917
450 504
188 39
204 273
165 69
439 573
82 759
308 846
366 827
195 145
224 740
340 213
420 843
430 314
407 861
466 623
170 939
400 673
27 889
328 587
469 237
296 518
113 226
463 139
317 377
59 620
169 127
441 321
387 382
447 964
345 51
428 846
138 746
164 586
90 460
434 835
176 107
250 316
425 829
269 429
139 797
469 159
234 420
182 675
96 43
296 947
347 316
243 353
380 708
199 616
273 882
327 856
10 538
434 540
177 3
479 27
47 954
281 682
246 219
409 395
245 754
360 365
104 953
188 263
100 530
193 818
233 651
322 549
177 211
237 548
80 896
438 470
5 226
405 890
146 430
179 866
176 259
175 818
374 756
360 205
133 590
98 699
79 138
493 132
135 728
488 849
315 198
165 998
461 566
238 446
422 615
36 231
399 477
212 163
377 58
143 993
415 812
33 290
465 180
493 522
81 940
228 770
404 726
192 734
189 588
275 75
409 2
22 983
493 282
267 762
467 360
416 759
482 584
430 822
391 198
51 456
24 197
291 596
402 842
35 453
87 460
143 750
492 683
494 132
339 648
280 274
39 733
396 781
401 93
29 929
130 350
449 218
249 555
215 792
89 849
190 495
422 578
441 201
120 329
443 749
324 815
451 777
149 299
446 247
282 524
454 911
342 355
256 368
479 28
6 489
50 109
380 793
50 69
138 40
422 513
228 182
475 707
291 983
106 207
358 383
297 958
457 242
125 392
17 688
151 33
362 619
144 108
450 823
173 452
273 438
347 379
403 758
71 52
431 661
111 949
447 87
461 777
238 736
487 765
356 933
78 561
210 860
18 883
491 12
292 315
336 997
216 196
37 833
193 115
286 105
85 586
85 72
436 673
348 37
350 465
70 779
144 217
315 793
407 27
90 840
436 600
135 95
141 645
12 318
279 17
229 831
226 566
49 740
453 46
314 727
24 788
148 77
20 789
342 180
441 735
262 147
413 434
293 241
415 389
203 797
500 163
491 723
338 325
160 294
201 892
325 223
264 527
254 233
451 577
266 174
73 176
62 9
136 738
335 885
356 86
377 958
104 261
150 241
243 279
176 613
407 512
429 722
278 210
77 468
496 256
252 205
163 743
371 863
244 839
495 638
220 665
68 298
25 47
196 491
380 455
463 686
220 226
401 825
366 780
491 376
261 593
86 868
305 861
334 242
340 453
192 938
123 8
288 58
171 831
404 480
420 17
40 447
444 448
286 758
272 109
30 780
90 738
489 710
162 7
236 238
391 321
247 914
155 981
108 815
129 233
439 215
485 769
496 55
477 333
178 830
179 351
291 775
56 828
465 873
193 503
292 80
50 437
350 520
468 656
52 1000
326 624
436 607
291 402
407 106
226 133
317 699
76 993
57 356
165 599
158 190
87 214
47 40
