50
32 0 32 1 32 2 32 3 32 4 32 5 32 6 32 7 32 8 32 9 32 10 32 11 32 12 32 13 32 14 32 15 32 16 32 17 32 18 32 19 32 20 32 21 32 22 32 23 32 24 32 25 32 26 32 27 32 28 32 29 32 30 32 31 32 32 32 33 32 34 32 35 32 36 32 37 32 38 32 39 32 40 32 41 32 42 32 43 32 44 32 45 32 46 32 47 32 48 32 49
32 1 34 37 33 5 49 45 35 23 25 39 20 25 10 13 19 25 41 15 2 24 13 32 8 48 44 23 13 1 48 19 40 12 37 42 46 17 33 41 14 40 45 42 29 41 47 17 29 5 6 8 38 45 18 26 9 14 11 14 36 20 45 28 32 32 26 19 22 13 37 28 24 31 3 24 28 40 43 26 21 20 0 34 17 12 23 39 31 37 12 31 15 48 7 8 39 15 16 34
32 2 33 5 0 3 38 29 19 16 19 45 26 47 41 21 0 25 32 49 0 27 28 11 41 19 9 42 28 24 38 34 28 33 33 48 33 46 0 13 38 40 9 9 38 4 9 12 26 26 33 8 0 28 19 35 32 37 38 10 19 38 41 1 32 32 0 7 26 17 33 44 33 0 26 39 32 30 28 31 9 20 32 23 19 15 9 36 9 43 41 14 26 22 41 6 38 41 28 18
32 3 49 45 38 29 44 10 29 33 48 14 43 6 19 9 26 8 0 18 26 35 47 11 33 13 7 15 31 26 44 17 45 7 14 41 14 22 28 42 23 20 8 49 40 16 10 19 43 28 39 25 9 37 20 44 41 39 21 27 49 30 2 5 32 32 28 21 16 48 11 43 39 2 13 31 9 38 45 1 12 40 0 12 29 34 7 0 10 36 19 24 13 4 2 47 21 23 31 46
32 4 35 23 19 16 29 33 1 2 18 12 15 30 12 10 2 40 41 35 8 21 16 11 10 45 40 24 39 13 20 28 43 3 36 39 25 43 33 14 48 8 47 27 3 0 31 5 3 42 46 20 38 15 5 9 9 34 49 7 17 47 47 41 32 32 26 29 6 37 34 49 37 22 22 17 28 6 13 48 23 25 0 1 30 26 44 46 21 18 7 19 24 36 45 38 14 31 11 44
32 5 25 39 19 45 48 14 18 12 17 31 15 8 10 42 2 8 41 34 8 26 16 32 10 41 40 12 16 5 29 13 43 19 34 15 36 48 33 23 49 20 47 15 20 23 31 48 3 45 37 25 38 14 30 28 9 24 14 24 35 40 45 37 32 32 26 13 24 42 46 37 6 1 22 26 28 20 13 28 23 40 0 17 1 19 44 31 21 39 12 1 24 41 7 25 11 34 39 17
32 6 20 25 26 47 43 6 15 30 15 8 39 11 2 38 33 32 41 38 33 6 21 11 19 40 47 40 23 8 13 40 31 38 29 40 20 38 38 20 43 32 10 30 16 38 12 20 16 25 48 32 28 8 24 47 41 25 40 47 3 11 10 8 32 32 28 30 14 20 48 6 49 47 11 8 9 11 31 25 45 32 0 40 22 20 45 6 7 47 2 25 11 30 8 11 44 20 23 30
32 7 10 13 41 21 19 9 12 10 10 42 2 38 9 44 41 20 32 36 41 18 26 11 9 26 38 37 26 34 19 31 38 27 8 5 10 2 41 28 33 25 28 43 19 29 28 24 19 17 8 40 0 48 12 46 0 41 33 49 10 6 28 19 32 32 0 35 2 1 8 22 8 33 2 23 0 47 26 12 38 8 32 14 12 39 38 16 28 4 9 15 2 3 9 30 33 45 33 0
32 8 19 25 0 25 26 8 2 40 2 8 33 32 41 20 41 32 32 20 41 8 38 32 41 40 28 40 38 8 26 40 28 20 19 40 19 20 0 20 26 32 9 40 26 20 9 20 26 25 19 32 0 8 2 25 32 25 38 25 2 32 9 8 32 32 0 40 33 20 19 8 33 25 33 8 0 32 28 25 28 32 32 40 2 20 28 8 9 25 41 25 33 40 9 32 38 20 38 40
32 9 41 15 32 49 0 18 41 35 41 34 41 38 32 36 32 20 32 2 32 22 0 11 32 37 0 31 0 48 0 5 0 44 41 14 41 29 32 39 0 25 0 0 0 27 0 28 41 41 41 40 32 23 41 4 32 12 0 46 41 6 32 42 32 32 32 43 41 45 41 16 41 21 41 19 32 47 0 13 0 8 32 26 41 1 0 7 0 33 32 17 41 10 32 30 0 24 0 3
32 10 2 24 0 27 26 35 8 21 8 26 33 6 41 18 41 8 32 22 41 43 38 11 41 15 28 17 38 37 33 41 38 9 2 12 2 16 0 34 26 20 9 46 33 7 9 42 33 39 19 25 0 31 8 36 32 1 26 44 2 30 9 14 32 32 0 49 19 23 2 0 19 29 33 5 0 38 38 45 28 40 32 13 8 48 28 3 28 2 9 28 19 33 9 47 26 19 38 4
32 11 13 32 28 11 47 11 16 11 16 32 21 11 26 11 38 32 0 11 38 11 12 11 26 32 10 32 7 32 31 32 10 11 43 32 43 11 28 32 47 32 19 11 31 11 2 32 21 32 40 32 9 32 39 11 41 32 45 11 13 11 19 32 32 32 9 11 44 32 40 11 44 11 23 32 41 11 12 32 8 32 0 32 39 32 8 11 2 11 33 32 23 11 33 11 45 32 7 11
32 12 8 48 41 19 33 13 10 45 10 41 19 40 9 26 41 40 32 37 41 15 26 32 41 1 38 45 26 12 33 24 38 14 8 28 8 31 0 5 33 8 28 28 33 5 28 31 19 19 2 20 0 13 10 34 32 42 26 42 8 25 9 17 32 32 0 24 2 26 2 17 2 23 19 15 0 8 38 34 28 25 32 39 10 14 38 41 28 48 9 23 19 1 9 20 26 37 26 39
32 13 44 23 9 42 7 15 40 24 40 12 47 40 38 37 28 40 0 31 28 17 10 32 38 45 2 24 10 13 45 28 8 26 23 39 23 5 9 14 7 8 33 39 45 14 33 5 45 42 21 20 41 15 43 48 0 34 12 34 44 25 33 41 32 32 9 28 31 37 23 41 21 19 47 17 41 8 8 48 19 25 32 1 43 26 2 12 19 23 26 19 31 45 26 20 12 31 10 1
32 14 13 1 28 24 31 26 39 13 16 5 23 8 26 34 38 8 0 48 38 37 7 32 26 12 10 13 7 14 31 15 10 42 43 17 13 23 28 19 47 20 19 17 21 19 2 23 21 24 40 25 9 26 11 39 41 28 47 28 16 40 19 31 32 32 9 15 44 34 43 31 40 45 23 37 41 20 12 39 8 40 0 41 39 42 8 5 2 1 33 45 44 12 33 25 45 48 45 41
32 15 48 19 38 34 44 17 20 28 29 13 13 40 19 31 26 40 0 5 33 41 31 32 33 24 45 28 31 15 40 39 45 37 14 1 49 14 38 26 44 8 8 1 43 26 10 14 43 34 11 20 9 17 3 23 41 48 23 48 48 25 8 12 32 32 28 39 39 31 14 12 39 42 16 41 9 8 47 23 12 25 0 45 20 37 7 13 12 19 19 42 16 24 2 20 21 5 21 45
32 16 40 12 28 33 45 7 43 3 43 19 31 38 38 27 28 20 0 44 38 9 10 11 38 14 8 26 10 42 45 37 8 29 44 31 44 36 9 24 7 25 33 35 47 2 19 45 47 15 23 40 41 34 13 49 0 17 7 21 40 6 33 23 32 32 9 10 21 39 23 18 21 4 31 48 41 47 10 41 2 8 32 5 13 28 2 22 19 46 26 13 21 0 26 30 12 1 12 43
32 17 37 42 33 48 14 41 36 39 34 15 29 40 8 5 19 40 41 14 2 12 43 32 8 28 23 39 43 17 14 1 44 31 6 45 37 26 26 37 11 8 45 45 49 37 47 26 48 48 22 20 38 41 35 19 9 23 39 23 46 25 7 13 32 32 38 1 3 5 24 13 15 34 20 12 28 8 40 19 31 25 0 24 25 31 21 15 47 42 10 34 3 28 12 20 16 14 13 24
32 18 46 17 33 46 14 22 25 43 36 48 20 38 10 2 19 20 41 29 2 16 43 11 8 31 23 5 13 23 49 14 44 36 37 26 37 27 26 1 11 25 45 3 48 44 47 39 29 12 24 40 38 19 17 33 9 13 39 4 34 6 7 34 32 32 26 0 15 24 6 7 22 49 20 42 28 47 40 15 21 8 0 37 35 45 23 9 31 21 12 41 3 35 12 30 39 28 16 10
32 19 33 41 0 13 28 42 33 14 33 23 38 20 41 28 0 20 32 39 0 34 28 32 0 5 9 14 28 19 38 26 9 24 26 37 26 1 0 45 28 25 41 37 38 45 41 1 38 13 26 40 32 42 33 17 32 15 28 15 33 8 41 48 32 32 0 26 26 28 26 48 26 12 38 34 32 25 9 17 9 8 32 31 33 24 9 23 9 41 41 12 38 5 41 40 28 39 28 31
32 20 14 40 38 40 23 20 48 8 49 20 43 32 33 25 26 32 0 25 26 20 47 32 33 8 7 8 47 20 44 8 7 25 11 8 11 25 28 25 23 32 8 8 44 25 8 25 40 40 39 32 9 20 29 40 41 40 21 40 49 32 2 20 32 32 28 8 13 25 39 20 16 40 43 20 9 32 45 40 12 32 0 8 48 25 12 20 10 40 19 40 13 8 2 32 31 25 31 8
32 21 45 42 9 9 8 49 47 27 47 15 10 30 28 43 9 40 0 0 9 46 19 11 28 28 33 39 19 17 8 1 33 35 45 45 45 3 41 37 8 8 38 36 10 10 26 26 10 48 7 20 41 41 31 22 0 23 2 18 47 47 38 13 32 32 41 44 12 5 7 4 7 7 12 12 0 6 19 19 26 25 32 24 31 31 33 33 26 16 28 34 12 29 38 38 2 14 2 2
32 22 29 41 38 4 40 16 3 0 20 23 16 38 19 29 26 20 0 27 33 7 31 11 33 5 45 14 21 19 43 26 47 2 49 37 48 44 38 45 44 25 10 10 43 36 10 1 13 13 14 40 9 42 15 21 41 15 44 33 29 6 8 48 32 32 28 3 11 28 49 9 11 46 16 34 9 47 47 17 7 8 0 31 3 24 7 18 12 49 2 12 39 43 2 30 23 39 21 35
32 23 47 17 9 12 10 19 31 5 31 48 12 20 28 24 9 20 0 28 9 42 2 32 28 31 33 5 2 23 10 14 19 45 47 26 47 39 41 1 8 25 26 26 10 1 26 39 12 12 45 40 41 19 21 15 0 13 8 13 31 8 38 34 32 32 41 14 7 24 45 34 45 41 12 42 0 25 19 15 33 8 32 37 21 45 33 48 26 17 38 41 7 31 38 40 8 28 2 37
32 24 29 5 26 26 43 28 3 42 3 45 16 25 19 17 26 25 41 41 33 39 21 32 19 19 45 42 21 24 43 34 47 15 48 48 29 12 38 13 40 40 10 48 13 13 12 12 16 26 49 8 28 28 22 31 41 37 44 37 20 20 8 1 32 32 28 34 11 17 49 1 14 14 39 39 9 40 31 31 7 20 0 23 15 15 45 45 12 5 2 14 11 19 8 8 44 41 23 23
32 25 6 8 33 8 39 25 46 20 37 25 48 32 8 40 19 32 41 40 19 25 40 32 2 20 21 20 40 25 11 20 23 40 22 20 24 40 26 40 39 32 7 20 14 40 45 40 49 8 15 32 28 25 36 8 9 8 16 8 37 32 12 25 32 32 38 20 20 40 15 25 3 8 48 25 28 32 44 8 31 32 0 20 34 40 31 25 47 8 10 8 29 20 12 32 13 40 43 20
32 26 38 45 0 28 9 37 38 15 38 14 28 8 0 48 0 8 32 23 0 31 9 32 0 13 41 15 9 26 9 17 41 34 38 41 38 19 32 42 9 20 41 41 9 42 41 19 28 28 28 25 32 37 38 1 32 39 9 39 38 40 0 5 32 32 32 17 28 48 28 5 28 24 28 31 32 20 41 1 41 40 32 12 38 34 41 14 41 45 0 24 28 13 0 25 9 23 9 12
32 27 18 26 19 35 20 44 5 9 30 28 24 47 12 46 2 25 41 4 8 36 39 11 10 34 43 48 11 39 3 23 13 49 35 19 17 33 33 17 29 40 31 22 15 21 21 15 22 31 36 8 38 1 42 0 9 5 48 43 1 38 47 24 32 32 26 18 46 12 25 2 34 10 6 45 28 30 16 14 44 20 0 42 4 41 40 29 23 3 7 37 37 7 45 6 49 13 14 16
32 28 9 14 32 37 41 39 9 34 9 24 41 25 0 41 32 25 32 12 32 1 41 32 32 42 0 34 41 28 41 48 0 17 9 23 9 13 32 15 41 40 0 23 41 15 0 13 41 37 9 8 32 39 9 5 32 31 41 31 9 20 0 45 32 32 32 48 9 41 9 45 9 26 41 1 32 40 0 5 0 20 32 19 9 17 0 24 0 14 0 26 41 42 0 8 41 12 41 19
32 29 11 14 38 10 21 27 49 7 14 24 40 47 33 49 38 25 0 46 26 44 45 11 26 42 12 34 47 28 23 48 7 21 39 23 39 4 28 15 21 40 2 18 44 33 8 13 44 37 16 8 9 39 48 43 41 31 31 35 14 38 2 45 32 32 28 9 13 41 16 36 13 3 40 1 41 30 7 5 10 20 0 19 49 17 12 2 10 0 19 26 43 16 19 6 31 12 47 22
32 30 36 20 19 38 49 30 17 47 35 40 3 11 10 6 2 32 41 6 2 30 13 11 8 25 44 25 16 40 48 25 40 6 46 25 34 6 33 8 49 32 47 47 29 6 31 8 20 20 37 32 38 40 1 38 9 20 14 38 25 11 45 40 32 32 26 47 24 8 37 30 6 38 15 40 28 11 43 20 23 32 0 25 18 8 23 30 21 38 12 20 22 47 7 11 11 8 39 47
32 31 45 28 41 1 2 5 47 41 45 37 10 8 28 19 9 8 32 42 9 14 19 32 9 17 33 41 19 31 8 12 33 23 7 13 7 34 41 48 2 20 38 13 8 48 38 34 8 1 12 25 0 5 47 24 0 45 2 45 45 40 38 26 32 32 41 12 12 19 7 26 12 39 10 14 0 20 33 24 26 40 32 15 47 23 26 37 26 28 28 39 10 17 28 25 19 42 19 15
32 32 32 32 32 32 32 32 32 32 32 32 32 32 32 32 32 32 32 32 32 32 32 32 32 32 32 32 32 32 32 32 32 32 32 32 32 32 32 32 32 32 32 32 32 32 32 32 32 32 32 32 32 32 32 32 32 32 32 32 32 32 32 32 32 32 32 32 32 32 32 32 32 32 32 32 32 32 32 32 32 32 32 32 32 32 32 32 32 32 32 32 32 32 32 32 32 32 32 32
32 33 26 19 0 7 28 21 26 29 26 13 28 30 0 35 0 40 32 43 0 49 9 11 0 24 9 28 9 15 28 39 9 10 38 1 26 0 0 26 28 8 41 44 28 3 41 14 28 34 38 20 32 17 26 18 32 48 28 9 26 47 41 12 32 32 32 27 38 31 38 46 38 16 38 41 32 6 9 23 41 25 32 45 26 37 41 4 41 22 0 42 38 2 41 38 9 5 9 36
32 34 22 13 26 17 16 48 6 37 24 42 14 20 2 1 33 20 41 45 19 23 44 32 2 26 31 37 44 34 39 31 21 39 3 5 15 24 26 28 13 25 12 5 11 28 7 24 11 17 20 40 28 48 46 12 9 41 13 41 24 8 12 19 32 32 38 31 48 1 3 19 29 15 49 23 9 25 23 12 47 8 0 14 37 39 47 42 45 13 8 15 48 26 10 40 43 45 40 14
32 35 37 28 33 44 11 43 34 49 46 37 48 6 8 22 19 8 41 16 2 0 40 11 2 17 23 41 43 31 14 12 23 18 24 13 6 7 26 48 39 20 7 4 49 9 45 34 49 1 15 25 28 5 25 2 9 45 16 36 37 30 7 26 32 32 38 46 3 19 22 3 3 27 29 14 28 38 44 24 31 40 0 15 36 23 21 10 47 29 10 39 20 21 12 47 13 42 13 33
32 36 24 31 33 0 39 2 37 22 6 1 49 47 8 33 33 25 41 21 19 29 44 11 2 23 21 19 40 45 39 42 21 4 15 34 22 49 26 12 16 40 7 7 11 46 45 41 14 14 3 8 28 24 34 10 9 26 13 3 6 38 12 39 32 32 38 16 29 15 3 27 20 43 48 28 9 30 23 37 47 20 0 48 46 13 31 44 45 35 8 5 48 18 10 6 43 17 43 9
32 37 3 24 26 39 13 31 22 17 22 26 11 8 2 23 33 8 41 19 33 5 23 32 19 15 47 17 23 37 16 41 31 48 20 12 20 42 38 34 43 20 12 12 16 34 12 42 39 39 48 25 28 31 6 45 41 1 40 1 15 40 10 14 32 32 38 41 49 23 29 14 48 28 11 5 9 20 21 45 45 40 0 13 24 48 47 26 7 24 8 28 14 15 8 25 40 19 44 13
32 38 28 40 32 30 9 38 28 6 28 20 9 11 0 47 0 32 32 47 0 38 41 11 0 8 41 8 41 20 9 8 41 47 28 8 28 47 32 25 9 32 0 6 9 47 0 25 9 40 28 32 32 20 28 30 32 40 41 30 28 11 0 20 32 32 32 6 9 25 28 38 9 30 9 20 32 11 41 40 41 32 32 8 28 25 41 38 0 30 0 40 9 6 0 11 41 25 41 6
32 39 43 26 28 31 45 1 13 48 13 28 31 25 26 12 28 25 0 13 38 45 12 32 38 34 8 48 12 39 47 23 10 41 40 19 40 15 9 17 45 40 19 19 47 17 19 15 31 31 44 8 41 1 16 14 0 5 7 5 43 20 33 24 32 32 9 23 23 12 44 24 23 37 21 45 41 40 10 14 2 20 32 42 16 41 8 28 2 26 26 37 21 34 33 8 7 13 12 42
32 40 21 20 9 20 12 40 23 25 23 40 45 32 38 8 28 32 0 8 28 40 8 32 28 25 19 25 8 40 12 25 2 8 31 25 21 8 9 8 12 32 26 25 7 8 33 8 7 20 31 32 41 40 44 20 0 20 10 20 23 32 26 40 32 32 41 25 47 8 31 40 47 20 45 40 41 32 2 20 19 32 32 25 44 8 19 40 33 20 38 20 45 25 26 32 10 8 8 25
32 41 0 34 32 23 0 12 0 1 0 17 0 40 32 14 32 40 32 26 32 13 0 32 32 39 32 1 0 41 0 45 32 5 0 24 0 37 32 31 0 8 32 24 0 31 32 37 0 23 0 20 32 12 0 42 32 19 0 19 0 25 32 15 32 32 32 45 0 14 0 15 0 48 0 13 32 8 32 42 32 25 32 28 0 5 32 17 32 34 32 48 0 39 32 20 0 26 0 28
32 42 17 12 19 15 29 34 30 26 1 19 22 20 12 39 2 20 41 1 8 48 39 32 10 14 43 26 39 42 20 37 13 28 25 31 35 45 33 24 48 25 31 31 3 24 21 45 15 15 34 40 38 34 4 41 9 17 49 17 18 8 47 23 32 32 26 37 37 39 36 23 46 13 24 48 28 25 16 41 44 8 0 5 5 28 40 19 23 12 7 13 6 14 45 40 14 1 11 5
32 43 23 39 9 36 7 0 44 46 44 31 45 6 38 16 28 8 0 7 28 3 8 11 38 41 2 12 8 5 7 13 2 22 21 15 23 9 9 23 12 20 33 33 7 18 33 48 45 45 31 25 41 14 40 29 0 24 12 2 23 30 26 37 32 32 41 4 47 42 21 10 31 44 47 26 41 38 8 28 19 40 32 17 40 19 19 35 33 27 38 1 47 49 26 47 10 34 10 21
32 44 31 37 9 43 10 36 21 18 21 39 7 47 28 4 9 25 0 33 28 2 2 11 28 48 19 23 2 1 12 19 19 46 47 42 31 21 9 41 10 40 26 16 12 49 26 17 12 5 47 8 41 45 23 3 0 14 10 0 21 38 26 28 32 32 41 22 45 13 47 29 45 35 7 24 0 30 2 26 33 20 32 34 23 12 33 27 33 10 38 31 45 9 38 6 8 15 8 7
32 45 12 31 41 14 19 24 7 19 12 1 2 25 9 15 41 25 32 17 9 28 33 32 9 23 26 19 33 45 19 42 26 13 10 34 12 41 41 12 19 40 28 34 2 12 38 41 2 14 10 8 0 24 7 37 0 26 19 26 12 20 28 39 32 32 0 42 8 15 10 39 8 5 8 28 0 40 26 37 38 20 32 48 7 13 38 1 38 31 9 5 8 23 28 8 33 17 33 48
32 46 15 48 26 22 13 4 24 36 24 41 11 30 2 3 33 40 41 10 19 33 23 11 19 1 31 45 44 12 16 24 21 0 3 28 3 35 38 5 13 8 12 29 39 43 7 31 11 19 29 20 28 13 37 7 41 42 43 16 22 47 10 17 32 32 38 2 48 26 20 21 48 18 14 15 9 6 21 34 45 25 0 39 6 14 47 49 45 9 8 23 49 44 10 38 40 37 44 27
32 47 7 8 41 6 2 47 45 38 7 25 8 11 9 30 9 32 32 30 9 47 33 11 9 20 26 20 33 25 2 20 26 30 12 20 12 30 41 40 2 32 38 38 2 30 38 40 8 8 12 32 0 25 45 6 0 8 19 6 7 11 28 25 32 32 41 38 10 40 12 47 10 6 8 25 0 11 33 8 26 32 32 20 45 40 26 47 38 6 28 8 10 38 28 11 19 40 19 38
32 48 39 15 38 41 21 23 14 31 11 34 44 20 33 45 38 20 0 24 26 19 45 32 26 37 12 31 45 48 21 5 12 1 16 14 39 28 28 39 31 25 2 14 23 39 8 28 44 41 13 40 9 23 49 13 41 12 31 12 11 8 19 42 32 32 9 5 43 45 13 42 43 17 40 19 41 25 7 13 10 8 0 26 14 1 10 34 8 15 33 17 40 37 19 40 47 24 47 26
32 49 16 34 28 18 31 46 11 44 39 17 23 30 33 0 38 40 0 3 38 4 7 11 26 39 10 1 45 41 21 45 12 43 13 24 16 10 28 31 31 8 2 2 21 35 2 37 23 23 43 20 9 12 14 16 41 19 47 22 39 47 19 15 32 32 9 36 40 14 13 33 43 9 44 13 41 6 12 42 8 25 0 28 11 5 10 21 8 7 33 48 44 27 19 38 47 26 45 29
